c_user=61565450308099;xs=11:Kogz4R3TilNFDg:2:1725441132:-1:-1;fr=0pcVgGJG9dV8ahHLl.AWWtGUKDxWh6aekmKO3Ot_gXl7w.Bm2CRs..AAA.0.0.Bm2CRs.AWWZ2Nl-ORU;datr=bCTYZgOjnUXEEHDA-h07bXta
c_user=61565476107129;xs=17:OApX9gGM8z8-Zg:2:1725441135:-1:-1;fr=0fmgf0IMkQQmNCQFl.AWW1GTE7OhbMCwJKheF7i19akHU.Bm2CRv..AAA.0.0.Bm2CRv.AWV-_DX9EpQ;datr=byTYZu51NqrjJ2zxGtHP6E5x
datr=iG7aZuGHMHt6xEbdHwnbby8w; sb=iG7aZmnY_ROV5m7rvGDicsBG; ps_l=1; ps_n=1; locale=en_US; m_pixel_ratio=1.7004296779632568; wd=423x800; c_user=61564989162046; fr=0kU6phnwSXk0rqUC7.AWVHta_sk7cKkmqfn2nnsnIYN_w.Bm2m6I..AAA.0.0.Bm6BZl.AWX0j9y3TZE; xs=39%3AJNe8fw4inmeaqw%3A2%3A1726486118%3A-1%3A-1; fbl_st=100633069%3BT%3A28774768; wl_cbv=v2%3Bclient_version%3A2618%3Btimestamp%3A1726486122; vpd=v1%3B680x360x1.7004296779632568
